_viz_ace_editor = nengo_gui.components.NoEditor()
_viz_net_graph = nengo_gui.components.NetGraph()
_viz_sim_control = nengo_gui.components.SimControl()
_viz_config[_viz_sim_control].shown_time = 0.5
_viz_config[_viz_sim_control].kept_time = 4.0
_viz_config[delta0].pos=(0.7455908708776946, 0.6615142521026242)
_viz_config[delta0].size=(0.018988761898364095, 0.07713203696732195)
_viz_config[delta0_copy].pos=(1.0163710381761846, 0.6534440990432197)
_viz_config[delta0_copy].size=(0.02325602692063888, 0.04723279847724798)
_viz_config[delta1].pos=(0.7381156349673758, 0.4254854532016389)
_viz_config[delta1].size=(0.03759398496240601, 0.04065040650406504)
_viz_config[delta1_copy].pos=(0.925198295841334, 0.4121564872673516)
_viz_config[delta1_copy].size=(0.03759398496240601, 0.04065040650406504)
_viz_config[delta2].pos=(0.733876909975855, 0.14603910501914927)
_viz_config[delta2].size=(0.03759398496240601, 0.04065040650406504)
_viz_config[error1].pos=(0.3746586710927877, 0.4285594302224015)
_viz_config[error1].size=(0.03759398496240601, 0.04065040650406504)
_viz_config[error1_copy].pos=(0.11628001845916949, -0.2033780151851094)
_viz_config[error1_copy].size=(0.03759398496240601, 0.04065040650406504)
_viz_config[error2].pos=(0.3714091944000387, 0.13674158435799214)
_viz_config[error2].size=(0.03759398496240601, 0.04065040650406504)
_viz_config[error2_copy].pos=(0.268365471154999, -0.11876805751528588)
_viz_config[error2_copy].size=(0.03759398496240601, 0.04065040650406504)
_viz_config[inhibit].pos=(1.0125886945236955, -0.2112855271114695)
_viz_config[inhibit].size=(0.03007518796992481, 0.040956964321709324)
_viz_config[model].pos=(0.058404520204524454, 0.31985968042966645)
_viz_config[model].size=(0.7777777777777778, 0.7777777777777778)
_viz_config[model].expanded=True
_viz_config[model].has_layout=True
_viz_config[state0].pos=(0.5630416325656462, 0.6620808976684793)
_viz_config[state0].size=(0.03759398496240601, 0.04065040650406504)
_viz_config[state1].pos=(0.5606399008712025, 0.4285594302224015)
_viz_config[state1].size=(0.03759398496240601, 0.04065040650406504)
_viz_config[state2].pos=(0.5512866601906599, 0.14741651548746887)
_viz_config[state2].size=(0.03759398496240601, 0.04065040650406504)
_viz_config[state3].pos=(0.5474203600743198, -0.03070879648116912)
_viz_config[state3].size=(0.017599186164801675, 0.03491735537190085)
_viz_config[stim_in].pos=(0.5670748616492621, 0.8450424975517632)
_viz_config[stim_in].size=(0.020239306302378555, 0.031055686737504917)